5.575000000000000000e+03 6.098932873017113110e+01
5.933500000000000000e+03 5.468902616952345852e+01
6.285500000000000000e+03 5.556730728429805310e+01
6.360000000000000000e+03 4.985476298572937992e+01
6.576500000000000000e+03 4.977950356457557746e+01
6.948500000000000000e+03 4.642253582420513425e+01
7.340000000000000000e+03 4.345024588485769357e+01
7.400000000000000000e+03 4.234118885230321894e+01
7.747500000000000000e+03 4.182830100405540463e+01
7.819000000000000000e+03 3.991115767099442024e+01
7.992000000000000000e+03 3.985850448711063621e+01
8.382000000000000000e+03 4.142976891538512518e+01
8.464000000000000000e+03 3.685114230143778968e+01
8.502500000000000000e+03 3.910247878837282798e+01
8.790000000000000000e+03 3.776837413113364050e+01
8.884500000000000000e+03 3.678676372533853822e+01
8.957000000000000000e+03 3.657445023334356904e+01
9.103000000000000000e+03 3.604747794662196014e+01
