8.342500000000000000e+03 1.134372464718660183e+02
8.698500000000000000e+03 8.692357999282019421e+01
8.919000000000000000e+03 1.077348536393864862e+02
8.959000000000000000e+03 1.087180017537511105e+02
9.476500000000000000e+03 9.940277767557914501e+01
9.872000000000000000e+03 9.938972660075403098e+01
9.914500000000000000e+03 1.000333349180942832e+02
1.001400000000000000e+04 1.073562339678297377e+02
1.008300000000000000e+04 9.812526648155750308e+01
1.037400000000000000e+04 9.010238202178689448e+01
1.041950000000000000e+04 9.498721576943222544e+01
1.047000000000000000e+04 9.348579644375453768e+01
1.072950000000000000e+04 7.804473894762706720e+01
